1 4
2 3
3 4
4 3
5 3
6 2
7 3
8 4
9 3
10 5
11 4
12 4
13 8
14 3
15 2
16 9
17 4
18 4
19 4
20 5
21 4
22 6
23 4
24 5
25 4
26 3
27 3
28 1
29 4
30 3
31 2
32 6
33 3
34 4
35 4
36 4
37 5
38 3
39 3
40 5
41 3
42 3
43 5
44 5
45 2
46 3
47 4
48 4
49 4
50 5
51 3
52 4
53 2
54 6
55 2
56 3
57 4
58 4
59 3
60 2
61 2
62 2
63 5
64 6
65 4
66 4
67 5
68 3
69 3
70 3
71 5
72 5
73 4
74 6
75 2
76 3
77 1
78 4
79 2
80 3
81 4
82 3
83 6
84 5
85 3
86 6
87 2
88 5
89 8
90 3
91 3
92 2
93 5
94 5
95 4
96 4
97 4
98 3
99 4
100 5
101 3
102 3
103 5
104 7
105 4
106 5
107 15
108 4
109 3
110 5
111 1
112 4
113 11
114 3
115 6
116 4
117 3
118 3
119 4
120 4
121 5
122 3
123 3
124 4
125 4
126 3
127 2
128 3
129 4
130 3
131 5
132 3
133 4
134 6
135 3
136 4
137 3
138 6
139 3
140 3
141 6
142 6
143 5
144 4
145 5
146 5
147 8
148 4
149 3
150 2
151 5
152 3
153 6
154 3
155 13
156 3
157 5
158 5
159 5
160 3
161 8
162 4
163 3
164 3
165 2
166 2
167 2
168 3
169 5
170 5
171 4
172 3
173 3
174 5
175 3
176 4
177 7
178 3
179 3
180 4
181 2
182 4
183 3
184 3
185 3
186 4
187 4
188 6
189 2
190 3
191 5
192 4
193 6
194 7
195 3
196 2
197 4
198 4
199 3
200 7
201 3
202 5
203 3
204 5
205 3
206 6
207 3
208 4
209 3
210 2
211 5
212 3
213 5
214 5
215 4
216 2
217 5
218 3
219 6
220 3
221 4
222 2
223 7
224 3
225 3
226 3
227 4
228 6
229 1
230 4
231 3
232 6
233 13
234 4
235 2
236 7
237 2
238 5
239 7
240 4
241 3
242 4
243 2
244 3
245 5
246 1
247 2
248 4
249 9
250 4
251 5
252 2
253 5
254 4
255 5
256 5
257 4
258 4
259 4
260 6
261 4
262 4
263 4
264 3
265 4
266 3
267 7
268 6
269 4
270 2
271 2
272 4
273 7
274 7
275 2
276 4
277 5
278 4
279 4
280 6
281 3
282 4
283 3
284 3
285 5
286 4
287 4
288 2
289 3
290 2
291 2
292 5
293 3
294 2
295 4
296 4
297 3
298 5
299 4
300 9
301 3
302 3
303 6
304 6
305 4
306 2
307 3
308 3
309 3
310 5
311 4
312 6
313 4
314 4
315 5
316 5
317 6
318 2
319 4
320 3
321 5
322 7
323 3
324 8
325 3
326 3
327 4
328 4
329 4
330 5
331 3
332 3
333 6
334 4
335 4
336 4
337 3
338 5
339 1
340 4
341 4
342 3
343 8
344 5
345 4
346 6
347 4
348 4
349 4
350 4
351 3
352 7
353 4
354 4
355 2
356 2
357 4
358 2
359 4
360 4
361 3
362 8
363 3
364 5
365 2
366 4
367 7
368 6
369 5
370 3
371 2
372 4
373 6
374 7
375 5
376 4
377 6
378 4
379 4
380 2
381 3
382 3
383 5
384 4
385 4
386 4
387 4
388 2
389 4
390 5
391 3
392 3
393 3
394 5
395 6
396 7
397 3
398 3
399 5
400 4
401 7
402 4
403 4
404 5
405 6
406 3
407 2
408 2
409 4
410 2
411 3
412 4
413 5
414 3
415 4
416 2
417 5
418 4
419 7
420 5
421 3
422 6
423 4
424 5
425 3
426 3
427 3
428 5
429 5
430 7
431 4
432 6
433 4
434 5
435 3
436 8
437 5
438 3
439 4
440 5
441 3
442 5
443 3
444 3
445 3
446 4
447 1
448 8
449 5
450 2
451 3
452 5
453 5
454 5
455 5
456 4
457 4
458 4
459 4
460 4
461 3
462 3
463 2
464 4
465 7
466 2
467 8
468 15
469 4
470 3
471 4
472 2
473 3
474 5
475 4
476 6
477 2
478 3
479 2
480 6
481 5
482 6
483 4
484 4
485 7
486 5
487 3
488 4
489 3
490 3
491 5
492 3
493 3
494 5
495 3
496 6
497 3
498 7
499 3
500 5
501 5
502 5
503 4
504 4
505 4
506 3
507 3
508 5
509 5
510 3
511 3
512 5
513 5
514 5
515 5
516 4
517 3
518 3
519 5
520 6
521 2
522 2
523 5
524 2
525 6
526 1
527 4
528 4
529 6
530 6
531 3
532 2
533 3
534 5
535 6
536 4
537 5
538 3
539 4
540 2
541 2
542 2
543 2
544 3
545 4
546 2
547 11
548 7
549 5
550 4
551 4
552 5
553 3
554 7
555 3
556 4
557 7
558 8
559 4
560 5
561 4
562 3
563 3
564 4
565 3
566 6
567 5
568 5
569 3
570 4
571 8
572 7
573 3
574 3
575 4
576 14
577 5
578 2
579 3
580 3
581 5
582 5
583 4
584 4
585 5
586 3
587 4
588 3
589 3
590 8
591 6
592 4
593 3
594 4
595 4
596 2
597 3
598 3
599 5
600 4
601 2
602 4
603 4
604 4
605 5
606 6
607 4
608 5
609 5
610 4
611 3
612 5
613 6
614 4
615 4
616 5
617 2
618 4
619 4
620 3
621 6
622 3
623 4
624 3
625 4
626 4
627 7
628 7
629 4
630 4
631 3
632 4
633 3
634 7
635 6
636 4
637 4
638 5
639 4
640 2
641 4
642 3
643 7
644 5
645 4
646 4
647 4
648 5
649 3
650 3
651 3
652 4
653 4
654 4
655 3
656 5
657 3
658 5
659 2
660 3
661 3
662 2
663 3
664 5
665 6
666 4
667 5
668 5
669 11
670 2
671 3
672 3
673 3
674 3
675 5
676 3
677 3
678 9
679 5
680 7
681 0
